11	0	1407	1407	1407
12	1407	1407	1407	1407
75	0	703	703	703
76	703	703	703	703
587	0	351	351	351
588	351	351	351	351
585	0	0	351	351	0	7	8	9	10
586	351	0	351	351	1	5	6	11	13
73	0	0	703	703
595	703	351	351	351
596	1054	351	351	351	22	23	24
593	703	0	351	351	2	3	4	12
594	1054	0	351	351	17	18	19	20	21	22
74	703	0	703	703
9	0	0	1407	1407
83	1407	703	703	703
84	2110	703	703	703
651	1407	351	351	351
652	1758	351	351	351
649	1407	0	351	351	14	15	25	26	27	28	29	30	31	32	33	34	35	36
650	1758	0	351	351	16	37	38	39
81	1407	0	703	703
659	2110	351	351	351
660	2461	351	351	351
657	2110	0	351	351	16
658	2461	0	351	351
82	2110	0	703	703
10	1407	0	1407	1407
1	0	0	2815	2815