11	0	1407	1407	1407
12	1407	1407	1407	1407
75	0	703	703	703
76	703	703	703	703
587	0	351	351	351
588	351	351	351	351
585	0	0	351	351	0	1	2	5	32
586	351	0	351	351	3	6	35	37	45
73	0	0	703	703
595	703	351	351	351
596	1054	351	351	351	14	15	16
593	703	0	351	351	4	33	34	36
594	1054	0	351	351	9	10	11	12	13	41	42
74	703	0	703	703
9	0	0	1407	1407
83	1407	703	703	703
84	2110	703	703	703
651	1407	351	351	351
652	1758	351	351	351
649	1407	0	351	351	7	8	17	18	19	20	21	22	23	24	25	26	27	28	43	44
650	1758	0	351	351	29	30	31	38	39	40
81	1407	0	703	703
659	2110	351	351	351
660	2461	351	351	351
657	2110	0	351	351	40
658	2461	0	351	351
82	2110	0	703	703
10	1407	0	1407	1407
1	0	0	2815	2815
