11	0	1407	1407	1407
12	1407	1407	1407	1407
75	0	703	703	703
76	703	703	703	703
587	0	351	351	351
588	351	351	351	351
585	0	0	351	351	0	1	2	3	32
586	351	0	351	351	4	5	6	33	36
73	0	0	703	703
595	703	351	351	351
596	1054	351	351	351	14	15	16
593	703	0	351	351	6	34	35	37
594	1054	0	351	351	9	10	11	12	13	14	38	39
74	703	0	703	703
9	0	0	1407	1407
83	1407	703	703	703
84	2110	703	703	703
651	1407	351	351	351
652	1758	351	351	351
649	1407	0	351	351	7	8	17	18	19	20	21	22	23	24	25	26	27	28	40	41
650	1758	0	351	351	29	30	31	42	43	44
81	1407	0	703	703
82	2110	0	703	703
10	1407	0	1407	1407
1	0	0	2815	2815